Using default amino acid model (lg)
Alphabet: arndcqeghilkmfpstwyv
Substitution model has 1 mixture component, expected rate 0.999999
Insertion rate 0.01, expected insertion length 2.94118
Deletion rate 0.01, expected deletion length 2.94118
Loading sequences from data/simulation/experiment_2/seq_2/raw_seq.fasta
Read 184 sequences from data/simulation/experiment_2/seq_2/raw_seq.fasta
Building guide alignment (data/simulation/experiment_2/seq_2/raw_seq.fasta)
Estimating initial tree by UPGMA (data/simulation/experiment_2/seq_2/raw_seq.fasta)
Distance matrix (184 rows):
0 6.93792 6.57274 2.12943 8.56375 10 8.45492 4.91503 7.04435 6.38954 5.46638 9.11613 9.17599 5.32296 4.1988 4.39107 4.27494 5.17814 10 10 10 6.3023 10 10 6.39773 5.69843 6.56698 8.68492 7.8001 6.24245 10 5.04938 10 6.8014 20 9.22746 10 7.5957 8.08537 9.4601 5.94515 4.74282 10 8.81966 10 9.34588 5.26171 4.86844 5.55362 10 10 10 5.26678 6.00133 6.98337 10 2.04107 10 4.48617 6.12362 5.22159 6.13516 6.24245 6.47138 5.37407 6.1027 7.04435 6.47224 8.28567 6.71363 7.63932 4.7908 5.42572 3.62087 4.06957 5.64818 5.24758 5.06211 7.43902 5.34376 4.73489 4.98447 6.12362 7.11126 10 7.15855 5.36102 6.18994 6.8014 5.53296 5.44125 4.41759 4.50483 4.89357 10 4.66594 10 4.86844 8.77661 3.10026 5.413 6.38954 10 10 6.1027 10 5.79527 10 10 10 7.82113 3.80994 5.3924 6.3037 6.47224 7.11126 5.69843 5.49743 5.35208 5.14288 6.06291 6.68064 5.46638 5.19733 10 5.62899 10 4.89719 7.92163 8.15595 7.08204 7.96595 6.82782 6.84745 5.62899 4.72136 4.20407 5.92176 4.28264 4.69623 5.64818 10 10 10 10 10 6.7828 5.86558 5.88617 10 11.8564 5.88617 10 8.15595 6.57274 5.97934 6.24245 10 10 10 10 10 10 10 7.6955 10 6.38954 10 20 4.98447 5.92489 5.14288 7.63932 4.33995 3.40891 10 4.86844 20 5.80641 20 10 9.75936 10 5.94515
6.93792 0 8.23979 10 20 7.04435 6.62413 5.19733 7.6955 10 10 5.14988 4.89357 3.49119 6.38954 10 8.72283 9.08665 13.3807 10 10 7.21543 10 10 6.8014 8.2055 20 3.25142 10.7244 8.81966 8.62966 5.56181 20 8.97542 16.1707 6.98337 11.3466 8.15595 6.8014 20 10 8.75 20 6.06291 10 6.94795 5.30377 10 10 8.81966 8.08537 10 8.4878 5.76281 10 20 12.5552 7.86475 10 10 10 10 8.4878 6.7828 20 7.82227 9.48771 10 20 9.27051 10 10 8.45492 10 10 6.33336 7.43902 7.11946 5.88617 20 10 7.02699 7.15855 10 10 8.62966 8.77661 5.32296 10 3.55191 7.24325 10 10 10 10 20 10 10 10 4.64005 7.67221 20 10.3678 10 10 8.11459 20 10 10 10 10 4.72136 20 20 6.60606 20 10 20 20 7.72359 10 10 10 9.63525 5.36102 20 8.87859 8.70363 10 10 11.9923 10 10 10 10 10 9.19797 8.75 9.90343 10 20 12.9134 7.11946 17.5803 20 10 10 9.15025 10 5.61346 9.3232 10 10 10 11.1648 8.39027 6.57274 9.375 15.1914 6.33336 12.5552 10 14.8337 10 20 20 3.31649 15.3444 10 10 19.2913 5.07537 20 1.7628 20 17.6393 4.94975 20 11.9923 20 8.67886 4.15108 4.24881 7.02699
6.57274 8.23979 0 3.4037 1.92812 4.69623 5.02879 8.56375 7.37777 5.99487 7.6955 5.3924 5.61346 6.7828 5.30377 5.19733 10 5.75462 10 9.02532 7.67221 2.60664 4.43086 6.3023 10 6.60606 6.60606 10.2129 20 5.23432 6.52023 4.75975 10 10 11.1889 6.41606 10 5.04065 7.82113 6.98337 4.61999 13.8964 10 7.3913 10 7.04435 10 5.35208 4.72136 8.81966 10 4.63046 5.14988 10 10 20 10 7.67221 7.3913 4.74282 4.61999 4.86844 5.88617 8.23979 4.53362 10 6.82782 5.01553 8.15595 10 6.12362 6.3023 9.75936 7.67798 5.42572 5.31196 7.92163 10 7.25678 8.15595 6.02732 10 10 10 20 10 6.24245 10 10 8.39027 8.51978 4.75975 6.27717 8.04245 6.51883 8.60073 9.11095 5.61346 6.67944 10 6.44938 7.93985 6.3023 5.49743 4.07755 10 5.13156 10 6.73919 5.32296 5.17814 6.86325 6.89107 8.62966 6.75498 4.91503 7.89763 8.51978 10 5.83226 6.67944 10 10 10 10 8.01183 6.62726 9.75936 7.82113 12.4434 6.51883 10 6.08124 10 10 5.86558 7.63932 7.72359 4.16258 7.13299 6.1027 10 7.43902 5.24758 6.44938 10 10 5.46638 6.39773 5.83226 6.3023 6.02732 10 6.44938 6.41606 9.50267 10 6.35255 10 7.47671 10 7.02699 7.21543 6.75498 10 10 10 10 20 5.36102 9.00335 10 10 10 5.94515 10 5.83226 10 6.93792 20 8.34072 7.82113 4.68664 9.73309
2.12943 10 3.4037 0 4.7908 5.406 8.04768 5.09457 10 6.82782 10 6.75498 6.12362 4.28627 4.25545 5.25743 7.47671 5.72949 10 10 8.93844 4.13731 6.50373 5.13156 7.34035 5.62899 10 6.57274 5.42572 10 10 9.80686 10 4.16871 20 8.23979 10 5.79527 4.55681 10 4.45512 7.53655 20 6.3023 20 10 4.77754 6.22099 5.69843 8.2055 8.93237 10 10 20 7.17661 20 4.50475 10 5.06211 6.98337 8.93237 7.92163 4.15108 7.04435 7.08204 6.24245 5.60073 5.49743 10 9.19797 3.78919 6.35255 5.92176 4.82186 10 6.25712 5.46638 8.23979 5.77381 7.41686 4.46046 4.7908 10 10 10 7.04435 10 5.413 5.02372 6.47084 9.90343 2.20479 10 6.84502 6.08124 5.68517 8.28567 5.79527 9.5404 6.27717 6.3037 8.43494 7.04435 7.96595 5.72949 9.27051 7.08204 10 9.5404 6.25712 7.21543 5.19733 6.12362 6.82782 10 5.55362 5.24758 5.83226 7.36958 10 6.89107 5.02879 5.16261 8.01183 10 10 6.98337 3.40033 7.86475 7.5957 8.56375 5.97934 5.3924 5.59373 4.39107 5.32296 2.3895 5.53076 5.60073 4.55368 5.49743 9.375 8.01183 8.4113 8.2055 20 8.08537 10 5 10 7.18001 9.11095 10 7.34035 7.5 8.31376 6.33336 9.20691 10 10 8.72283 10 10 6.57274 10 20 6.84745 10 20 7.04435 6.33336 8.34072 4.77754 6.18994 1.70857 10 6.02732 20 7.02699 10 10 7.15855 5.46638 6.60606
8.56375 20 1.92812 4.7908 0 2.63557 4.72136 7.30267 7.25678 4.81086 9.67008 6.84745 5.61346 6.60606 4.56693 5.14288 5.14988 4.39107 10 6.32376 6.44938 3.32191 4.3998 10 9.84375 10 7.86475 10 10 5.23432 6.41606 6.67944 10 5.08429 10 8.4113 5.72949 3.91763 4.86844 10 2.15794 20 10 6.06291 7.34035 6.02732 5.16261 4.91503 4.92322 6.89107 9.00335 4.81808 10 4.46815 8.62966 13.8758 10 5.21459 10 5.58014 6.18994 7.21543 3.43796 7.8001 5.26171 5.06211 4.609 10 6.53915 7.52852 7.36958 10 9.34588 9.61373 6.49284 6.66225 4.86844 7.72359 6.32376 10 4.77754 7.25678 7.52033 7.6955 6.02732 8.97542 8.28567 10 6.38954 7.11946 6.93792 5.58014 8.15595 5.75462 10 4.68664 4.95935 5.16261 6.17301 7.04435 6.67944 6.7828 6.17301 5.62899 4.41974 5.88617 4.03852 5.13156 5.02879 5.83226 4.33905 10 5.09457 7.28234 6.47224 6.49823 10 7.67221 8.08537 10 5.86558 5.75462 4.84192 8.31376 10 10 5.24758 5.24758 5.94515 7.55322 6.84745 7.30267 5.13156 6.35255 6.00673 8.87859 5.69843 5.97934 4.94975 5.413 8.34072 5.92176 6.98337 7.92163 8.34072 20 4.78639 5.64818 4.11907 5.42572 5.61939 6.24245 10 10 5.32296 6.06291 10 8.31629 10 6.84745 10 6.73919 7.34035 6.86325 10 10 5.49743 7.67221 6.41606 6.41606 10 6.89107 20 10 11.8034 8.34072 5.27864 10 5.0895 9.96894 20 5.44125 7.02699 6.00673
10 7.04435 4.69623 5.406 2.63557 0 7.11126 10 10 5.26171 20 7.2949 7.21543 5.59933 10 10 10 14.4865 8.31376 10 10.9328 5.46638 4.68071 5.42572 6.32376 5.69843 20 10 10 6.38954 10 9.40983 20 4.9906 19.5187 5.69843 4.0983 3.07547 3.42771 10 1.60028 8.45492 9.78714 4.50483 7.63932 4.61999 4.25268 7.15855 5.3924 10 10 8.42799 8.15595 5.58014 10 10 5.24758 11.1889 10 20 6.12362 5.24758 3.54692 10 5.64818 5.97934 4.85065 10 5.56181 20 5.92176 6.47224 20 7.98102 10 10 5.46638 10 13.7959 10 7.61463 8.61429 20 10 20 20 10 6.51883 10 4.15911 4.52522 7.47671 10 10 10 7.47671 5.32296 5.61346 8.31376 9.11095 10 6.39773 4.93196 4.44519 7.72359 5.17814 7.97468 4.47378 10 7.5957 6.44938 6.66225 7.17661 6.12362 6.82782 6.17301 20 6.21137 7.90583 5.75462 5.88617 4.84192 7.24638 10 20 10 5.26171 4.66744 6.3023 11.0524 10 6.96235 4.95935 4.56748 6.15521 7.15855 3.47329 5.72949 6.51463 6.08124 9.92188 5.85371 8.5118 6.44938 8.93849 5.44858 5.20215 5.02372 6.3023 4.39107 6.49823 7.30267 10 8.62966 7.18001 10 8.45492 5.64818 10 3.82577 6.60606 7.21543 4.32669 9.02532 6.29443 5.97934 4.69625 6.11453 4.94262 5.97481 10 9.75936 10 6.3023 8.04768 10 5.62899 10 20 20 4.61633 3.50604 4.47378 7.11946
8.45492 6.62413 5.02879 8.04768 4.72136 7.11126 0 2.80047 3.82176 6.00133 10 5.79527 5.60073 4.27285 3.33713 7.82113 10 8.34072 10 10 10 6.3023 3.98357 5.51663 12.5552 10 3.77253 5.06211 10 2.03578 10 6.02732 10 4.84192 10 10 10 7.67221 9.92188 5.88617 5.94515 5.31196 10 10 5.83226 4.21303 4.799 5.46638 5.24758 5.75462 6.89107 4.20929 5.21146 20 7.08204 10 10 4.7908 6.87437 6.22099 4.74282 4.74282 4.32669 5.3924 5.69843 6.33336 7.6955 6.6906 10 6.73029 10 6.38954 11.9923 10 10 6.15521 4.799 6.15521 10 6.98337 2.63995 4.77754 3.90201 10 10 4.72136 4.24802 10 5.10643 10 6.66225 5.94515 7.2853 10 9.96894 4.21303 4.93196 5 5.55362 9.05342 7.75055 4.75975 7.75055 6.86325 5.04065 10 7.3913 8.56375 10 10 5.34442 5.22159 5.30377 4.52263 4.66744 5.92176 10 10 7.89763 5.27864 6.60606 7.11126 6.51883 6.3023 10 6.58051 5.59373 6.1027 4.64005 20 6.63669 6.3023 4.41247 5 5.14288 10 5.86558 7.18001 5.76281 6.98337 4.52263 5.92176 9.11095 5.51663 5.3924 5.32296 10.3678 9.80686 6.00133 3.14723 6.44938 6.8014 5.17814 10 6.49823 5.3924 6.25712 4.02765 10 6.60606 12.3821 4.95935 4.56748 10 7.57467 10 7.43902 12.8115 6.3023 10 10 7.18001 10 4.45232 8.70363 10 6.1027 6.75498 6.08124 5.45793 4.98081 10 7.41686 5.06211
4.91503 5.19733 8.56375 5.09457 7.30267 10 2.80047 0 2.57557 4.86844 10 4.74282 3.48708 4.1988 3.58626 10 10 4.47871 4.48617 8.08537 6.98337 6.94795 7.15855 7.5 6.32376 3.94615 4.63046 4.01559 20 4.53362 8.23979 6.06291 10 5.68517 10 10 10 10.9208 7.15855 8.67886 10 3.44001 20 6.06291 10 7.15995 5.26171 7.11126 10 5.77381 8.93237 7.17661 10 6.15521 5.26171 12.5552 8.75 10 5.46638 5.04065 9.84375 10 9.40983 3.67616 9.50267 7.86475 10 10 10 10 10 7.34035 7.92163 4.24912 7.96595 4.72136 4.82186 5.44125 11.9923 7.04435 4.63046 3.34641 2.34369 6.73919 8.39027 1.87895 4.53362 7.52033 8.62966 11.1889 10 10 10 10 12.3821 5.28231 5.46638 5.34442 3.06897 5.42572 4.56748 4.23649 6.3023 10 7.02699 6.8014 8.28567 4.86844 6.6906 10 5.19733 7.34035 5.75462 5.46638 6.32376 10 10.7244 9.00335 9.57131 11.9923 10 7.88604 8.54102 5.83226 10 10 5.3924 5.10643 6.51883 20 4.48617 3.45391 6.58051 5.35208 6.8014 10 6.00673 8.68492 6.96008 6.8014 8.72283 3.61499 9.90343 5.17814 5.85371 7.08204 20 4.69623 10 6.13516 5.83226 6.35255 6.96008 10 6.35255 3.93429 6.60606 5.06211 5.75462 9.08897 6.57274 6.38954 5.60073 7.55322 7.5 10 10 10 20 10 4.85178 3.98357 20 4.13848 5.37407 6.7828 4.37101 10 3.5435 5.26678 5.32296 9.375 7.04435 6.98337
7.04435 7.6955 7.37777 10 7.25678 10 3.82176 2.57557 0 6.00673 5.26678 3.2685 4.01559 3.17745 5.76281 6.38954 20 6.15521 6.27717 10 10 10 4.799 8.72283 6.73919 10 5.04938 5.51663 20 4.75975 7.24325 5.69843 12.5552 4.45232 20 7.86475 10 10 5.94515 2.45515 8.4113 3.6881 7.86475 6.62413 5.83226 6.6906 7.5957 10 10 5.88617 7.34035 4.5898 8.23979 5.35042 7.25678 20 10 6.3023 8.04175 10 10 10 7.3913 2.52579 10 6.86325 7.30267 9.08665 10 10 20 6.60606 7.11126 5.42712 4.28264 6.02732 7.21543 4.93196 8.51978 10 6.15521 4.4893 5.86558 6.35255 10 4.53362 6.60606 10 10 6.51883 10 7.75055 4.13642 10 10 4.75975 3.99677 3.09628 3.58381 9.65741 5.72949 4.91503 10 10 5.83226 10 6.02732 5.86558 10 6.13516 7.18001 4.84192 6.35255 6.75498 8.93237 9.84375 8.60073 6.18994 7.86475 11.9923 7.55322 13.0467 10 7.21543 10 5.68517 4.77754 5.46638 5.64818 6.02732 3.94615 7.75055 8.04245 7.55322 10 10 6.35255 10 10 6.33336 6.25712 4.72136 6.33336 9.67906 5.83226 10 10 3.95241 8.81966 4.84192 4.95935 9.26093 6.25712 10 7.25678 5.68517 7.13299 6.51883 6.3023 8.31376 7.41686 3.85565 4.189 9.90343 10 6.98337 7.72359 5.83279 10 10 8.56375 4.05824 20 4.05015 6.47084 10 5.62899 7.6955 4.17961 1.79418 20 20 20 5.8012
6.38954 10 5.99487 6.82782 4.81086 5.26171 6.00133 4.86844 6.00673 0 9.50267 6.57274 6.7828 8.11459 5.06211 20 10 10 4.86844 10 10 6.32376 10 10 7.04435 10 7.5 10 8.27865 4.56748 20 6.15521 6.25712 8.15595 10 10 5.60073 5.72949 4.3998 20 6.89107 3.40887 7.63932 5.37407 6.32376 5.16261 5.37407 4.81086 5.42572 4.58614 10 5.56181 4.98447 8.61429 10 6.00133 3.95251 10.3678 6.63669 10 10 7.86475 5.83226 6.15521 5.65185 10 7.5957 7.18001 6.82733 10 7.72359 5.68517 10 8.23979 7.30267 5.68517 7.90583 4.58614 7.86475 10 7.04435 4.47378 3.67262 5.59373 6.58051 4.17244 3.24135 8.04768 7.21543 10 6.18994 6.17301 10 9.64566 10 5.09457 6.3023 5.79527 7.08204 10 8.56375 5.97934 7.08204 10 4.89357 5.92176 10 6.86325 6.65335 6.7828 6.24245 10 5.92176 10 7.43902 5.83226 6.8014 6.02732 6.00133 7.15855 10 5.83226 8.91183 4.25545 20 4.95935 5.48784 10 5.24758 9.5404 10 7.08204 5.83226 4.3089 6.12362 5.68517 10 10 5.51663 6.73919 10 7.02699 10 4.84192 3.91915 10 4.68664 4.91503 4.39308 4.05015 5.35208 5.97934 7.5957 9.19797 7.61463 5.92176 6.89107 5.27864 4.05015 5.23432 10 1.93534 3.89445 3.93429 10 4.14828 10 5.55362 8.9912 2.61254 4.98447 6.7828 10 9.19797 6.1027 10 7.43902 10 7.5 11.9423 5.69843 20 6.44938 8.81966
5.46638 10 7.6955 10 9.67008 20 10 10 5.26678 9.50267 0 10 10 10 5.51663 4.23851 8.72283 5.13156 8.67886 5.48784 10 4.86844 1.81956 4.21303 5.85371 3.80365 4.58614 5.83226 10 7.46824 4.24043 10 10 8.67886 6.7111 4.13642 9.94242 4.11959 6.86325 4.36055 5.48784 4.08061 20 9.19797 10 10 10 10 4.79371 6.69034 4.72136 12.167 4.55368 20 6.35255 13.6028 6.7828 6.15521 10 8.15595 4.24538 3.85768 8.75 10 10 5.45452 7.21543 6.84745 5.8012 6.57274 4.51946 7.11126 6.38954 5.31196 4.44045 6.18994 10 4.69623 5.69843 5.60073 10 7.5 10 10 5.59373 5.8012 3.88657 6.33336 9.75936 7.8001 10 5.35208 4.85065 5.83226 5.94515 11.1889 10 10 10 5.17814 7.93985 10 10 10 10 20 1.90732 10 20 10 10 5.69843 10 10 6.38954 4.13642 8.56375 10 8.72283 10 10 8.34072 6.24245 10 10 9.50267 10 10 10 4.19893 10 3.98357 8.01183 5.16261 9.12559 6.06291 10 10 4.63046 6.51883 2.15878 7.21543 4.61999 6.93792 4.98081 7.38354 11.1889 10 8.2055 10 6.93792 8.45492 10 9.17368 4.86844 5.10643 5.06211 10 3.01468 10 10 10 8.12899 6.15521 5.36102 9.34588 4.17961 8.45238 4.4224 10 6.96008 7.30267 10 6.86465 20 6.98337 10 7.62266 10 12.4434 4.72136 20 11.1889 9.6875
9.11613 5.14988 5.3924 6.75498 6.84745 7.2949 5.79527 4.74282 3.2685 6.57274 10 0 2.16713 2.36305 5.26678 6.69034 10 20 10 10 9.75936 8.15595 7.04435 4.29197 4.09943 6.89797 8.72283 10 8.81012 7.11126 7.3913 4.73692 20 6.22099 10 10 10 7.08204 5.04938 8.85516 9.17368 6.1027 10 5.69843 10 10 4.82186 9.05342 10 6.35255 8.79912 7.08204 6.65335 20 7.23394 20 10 10 10 9.95172 9.50267 10 8.67886 6.51883 8.08537 10 10 10 13.3418 8.01183 5.04065 5.07537 6.08124 8.31376 7.96595 8.34072 6.55441 6.15521 9.02532 4.67057 7.08204 6.25712 9.11095 7.86475 13.6393 5.8012 6.57274 8.51978 6.66225 10 6.93792 7.47671 8.01183 10 20 8.72283 10 9.17368 8.28567 10 5.77381 7.18001 7.72359 10 10 10 9.3232 10 10 10 10 10 6.94795 6.60606 7.08204 10 5.0895 3.97201 4.89357 7.25678 5.62899 5.62899 8.75 3.50037 10 4.74282 5.21146 6.18994 8.01183 10 10 10 5 6.44938 5.0895 10 6.41606 6.55441 10 8.81966 9.98047 10 6.44938 20 5.94515 7.64415 9.84925 10 10 6.73029 5.7404 6.66225 10 6.93792 6.3023 6.39773 6.71363 9.42377 5.09457 6.98337 13.9667 9.46644 11.3466 9.34588 4.84192 20 7.72359 20 8.2055 20 9.47658 4.16591 16.6275 4.52263 6.7828 10 4.09943 10 4.86844 4.61999 5.77381 10 10 6.51883
9.17599 4.89357 5.61346 6.12362 5.61346 7.21543 5.60073 3.48708 4.01559 6.7828 10 2.16713 0 2.01081 4.36001 10 10 10.2349 6.66225 7.04435 6.02732 5.17814 8.15595 5.69843 4.58614 6.51883 9.37031 10 12.9889 8.15595 6.86325 5.34442 20 6.47084 10 8.50242 9.02532 6.02732 4.61999 7.93985 6.65335 6.1027 10 5.92176 10 8.39027 4.69623 6.02732 5.42572 6.41606 8.91183 10 6.60606 20 10 10 10 20 10 5.92489 4.53362 5.30377 4.81086 4.6781 10 7.47671 6.55441 5.69843 5.61346 7.2853 9.27051 4.09943 6.60606 8.34072 7.15855 10 6.44938 3.96378 7.11126 5.26678 5.27864 5.8012 10 6.60606 11.5319 8.15595 8.75606 9.22746 10 10 10 7.8001 7.96595 7.96595 10 7.5957 10 7.82113 6.41606 8.01183 10 6.24245 10 7.82113 10 10 10 10 8.34439 9.90343 10 5.46638 7.92163 6.12362 7.21543 6.32376 5.88617 4.57895 5.27864 6.44938 4.95935 4.75975 10 4.68664 10 4.92322 6.18994 6.13516 8.12899 10 7.55322 10 4.39107 5.85371 6.41606 10 7.2853 4.86844 8.93237 8.79912 5.31196 10 10 10 6.84745 10 9.02532 7.36958 8.4113 5.8108 9.375 7.3913 8.93237 9.96094 9.50267 7.25678 9.96094 5.3924 6.15521 5.54089 10 6.22099 10 6.41606 10 10 10 11.7603 10 10 8.67886 2.83146 10 3.99677 5.85371 10 3.72169 10.5092 6.1027 7.72359 20 10 5.21146 6.02732
5.32296 3.49119 6.7828 4.28627 6.60606 5.59933 4.27285 4.1988 3.17745 8.11459 10 2.36305 2.01081 0 3.53955 4.63046 10 9.37608 10 10 6.02732 3.94102 6.27717 7.04435 2.11088 5.04065 5.10643 3.0473 6.22099 5.26678 7.25678 4.61989 10.7397 5.35208 10.3678 4.11959 20 4.00753 5.36102 7.13299 5.48784 6.63669 10.6087 4.28264 10 10 2.01635 3.88657 9.08665 5.59373 8.48497 7.6792 4.91503 20 5.75462 20 7.88604 10 8.91996 6.64672 3.95596 5.30377 4.47378 4.3089 10 5.92176 8.77661 5.54089 10 6.25712 5.46928 4.26658 4.00261 4.98447 6.22099 6.49284 4.39107 5.86558 5.36102 7.96595 5.85371 5.33849 8.21369 6.44938 20 6.00673 10 5.31196 8.01183 10 5.51663 5.02879 6.58051 8.5805 10 5.64818 6.55441 4.93196 6.89797 6.38954 5.04065 5.09457 8.56375 6.08124 6.44938 6.3023 10 7.41686 10 6.27124 6.89107 4.08061 5.30183 4.14828 5.55362 8.56375 6.35255 4.20355 4.8114 8.23979 5.97934 4.23649 5.72949 4.55368 10 10 4.4937 5.01553 8.1966 10 5.94515 6.44938 3.96378 4.35365 3.57977 9.00335 4.33036 5.19733 10 5.72949 4.37101 10 6.93792 20 4.92322 10 12.2483 6.69034 6.38954 5.09457 6.15521 7.08204 7.5957 5.69843 5.88617 5.09457 5.85371 5.79527 5.92176 5.94515 10 6.13516 7.8001 3.72169 10 20 6.15521 20 10 10 6.35621 4.05015 9.35408 1.63177 4.76292 10 2.20702 10.8224 6.89797 7.56988 10 7.6955 7.21543 3.80601
4.1988 6.38954 5.30377 4.25545 4.56693 10 3.33713 3.58626 5.76281 5.06211 5.51663 5.26678 4.36001 3.53955 0 9.4615 10 5.04065 10 7.92163 6.27717 4.37101 4.23579 10 6.73919 5.79527 6.35255 10 10 4.45232 7.04435 5.24758 13.51 2.87258 10 10 7.75055 5.86558 5.59373 10 6.35255 8.62966 10 7.25678 10 5.72957 4.43399 5.12929 6.22099 6.24558 9.23352 4.17961 5.48784 5.72949 5.27864 10 6.22099 10.7419 4.58614 4.12244 10 10 5.36102 6.18994 7.67221 4.95935 6.89797 10.7701 3.61142 6.12362 9.83504 5.30377 8.39027 8.08537 7.15855 10 4.89357 10 10 8.4113 1.9802 4.89357 7.24325 10 5.99487 6.38954 8.62966 5.3924 6.3023 10 4.75975 3.72022 6.47224 7.17661 8.36654 4.13642 6.12362 4.02004 3.61499 6.89107 5.34442 5.49743 6.35255 5.07537 6.35255 5.94515 6.51883 8.67886 10 6.98337 5.27864 5.26678 3.94557 4.91503 3.50117 8.11459 10 10 10 20 6.15521 4.75975 4.39308 8.66058 10 10 5.04065 3.95251 6.24245 10 4.11308 5.10059 4.74282 4.75975 4.91503 8.12899 4.01044 5.27864 7.53655 5.85371 10 8.28567 4.59894 4.73602 3.98357 10 5.13156 4.14828 5.75462 2.93967 4.48617 3.73346 9.85006 7.75055 3.62276 6.35255 5.75462 1.83168 5.76281 2.92888 18.1068 7.30267 5.35208 5 10 4.52077 6.41606 4.77754 20 3.7856 10 4.66744 10 4.51858 4.19009 10 4.39107 7.30267 3.5939 10 5.88617 5.7145 4.66389 4.86844
4.39107 10 5.19733 5.25743 5.14288 10 7.82113 10 6.38954 20 4.23851 6.69034 10 4.63046 9.4615 0 3.45569 2.11129 5.61939 5.30377 10 5.88617 2.4124 3.54699 5.07537 2.08204 6.35255 6.51883 10 3.32071 1.93736 7.25678 20 7.24325 10.2129 7.46824 10 6.06291 8.97542 3.29238 6.13516 6.08124 10 8.2055 7.96595 9.48771 6.56698 6.27717 5.92176 10 10 7.63957 7.13299 10.3678 7.47671 20 5.7202 5.10643 10 4.054 4.21633 4.31467 7.52852 9.20691 6.3023 9.96094 7.24325 7.46824 10.3678 8.66058 4.27156 7.5957 4.16871 2.61167 1.7996 6.3023 4.47378 4.4893 5.07537 7.34035 6.15521 10 9.83504 6.57274 5.73316 7.43902 8.2055 5.60073 5.07537 2.70833 7.15855 3.8099 4.89357 2.52236 5.94515 10 10 10 10 2.68435 10 10 10 10 7.34035 10 5.55362 5.58014 10 6.89107 10 3.10841 8.79912 6.93792 7.75055 3.66731 10 6.02732 3.43199 8.31376 6.47224 6.51883 5.07537 4.84192 10 6.47084 5.75462 4.66744 10 6.57781 10 3.96378 10 8.15595 7.72359 7.25678 5.19733 5.19733 7.43902 6.51883 5.00367 6.12362 4.26658 10 10 10 10 10 4.64005 10 8.28567 20 8.93844 10 7.15855 10 8.12899 10 10 10 7.21543 10 10 7.24325 10 20 6.43499 10 10 9.19797 5.68517 10 9.90343 10 8.60073 9.80686 7.18001 16.6275 10 12.7695 7.24325 20 6.06518 10
4.27494 8.72283 10 7.47671 5.14988 10 10 10 20 10 8.72283 10 10 10 10 3.45569 0 6.18994 10 6.93516 10 7.2853 7.15855 8.60073 9.46619 6.15521 12.3127 8.45492 10 3.96378 4.86844 9.90343 20 10 20 10 10 10 9.64566 5.62899 5.26678 9.40983 20 10 10 9.95172 10 10 8.33549 7.04435 4.81086 20 10 10 10 10 7.50043 5.17814 20 3.33637 4.81086 5.06211 7.82113 9.46619 9.3232 7.96595 7.67221 10 10 9.96094 6.6906 10 8.14355 10 5.64818 9.93643 7.08204 10 9.27051 10 10 10 7.15855 20 5.64818 10 6.60606 7.8001 8.23979 2.81605 20 5.04065 4.46701 1.84747 5.85371 7.6955 9.00335 10 10 5.21146 10 10 10 9.00335 10 10 5.19733 7.96595 20 10 10 5.64818 10 10 8.31376 6.98337 6.44938 10 3.5118 8.04768 6.22099 9.92188 10 7.04435 11.1889 5.14288 20 10 10 5.49743 9.07178 10 10 10 10 4.75975 10 8.81966 5.46638 10 6.13516 20 10 10 20 20 12.5552 20 6.25712 6.8014 10 10 10 11.7176 10 10 5.64818 10 10 10 9.80686 10 10 10 20 10 8.49077 8.56474 16.8317 11.4161 13.3418 7.86475 20 10 10 4.77754 10 10 10 11.7961 20 7.2949 10.7419 10
5.17814 9.08665 5.75462 5.72949 4.39107 14.4865 8.34072 4.47871 6.15521 10 5.13156 20 10.2349 9.37608 5.04065 2.11129 6.18994 0 6.17008 5.83226 9.80686 6.7828 3.52772 3.74499 6.38954 3.23855 10 10 10 3.55308 2.54487 9.67008 20 6.35255 19.5187 10 7.56988 6.89797 10 5.24758 7.24325 4.4893 13.134 10 5.59373 20 10 5.88918 10 4.75975 10 10 10 9.73309 8.01183 20 8.77308 7.3913 6.98337 5.16261 10 10 20 7.75055 10 10 10 10 20 9.73309 5.01553 10 6.18994 4.4893 3.26744 6.02732 7.04435 3.57959 6.94795 10 10 7.75055 10 7.21543 7.62266 6.06291 3.94051 7.13299 7.93985 5.86558 7.96595 5.02563 8.28567 4.55681 7.41686 10 9.12828 6.44938 19.8069 4.72503 10 10 10 10 7.25678 20 4.53362 10 10 8.15595 7.30267 3.3109 6.38954 6.00133 5 6.06291 10 8.67886 10 9.82099 8.34072 6.8014 4.92322 5.55362 20 10 10 6.25712 17.1275 6.32376 10 3.39607 10.9749 7.43902 5.62899 7.45751 6.78594 10 5.55362 6.06291 10 8.15595 5.88617 10 7.67221 10 10 6.86325 7.13299 7.47671 8.81966 5.97934 10 3.75008 6.3023 6.33336 6.8014 20 4.72136 6.51883 5.75462 10 5.76281 4.85292 10 20 5.97934 10 6.71363 8.23979 4.93196 10 10 7.47671 11.1889 5.92176 7.30267 10 10 8.91823 7.2949 4.62196 4.12842 9.39247
10 13.3807 10 10 10 8.31376 10 4.48617 6.27717 4.86844 8.67886 10 6.66225 10 10 5.61939 10 6.17008 0 2.4285 10 10 6.89797 7.08204 8.60073 4.95935 10 9.50267 10 6.93792 5.52429 8.67886 7.61463 10 7.21543 4.55368 7.30267 8.85516 5.94515 4.98447 10 2.76379 10 8.39027 10 4.68664 10 2.98148 5.36102 8.56375 10 8.2055 10 10 10 10 10 5.79527 10 8.49077 10 6.47224 10 8.34072 10 10 10 10 6.55441 7.67798 9.81086 10 8.77661 3.31212 3.60548 10.9328 10.3678 3.66988 6.00133 10 10 2.63042 3.315 3.81921 3.8765 4.37101 3.92455 7.43902 10 2.43465 3.64039 8.87859 6.27124 7.21543 10 10 10 10 10 7.47671 10 10 8.66058 10 10 10 9.6875 10 5.81673 5.34442 10 3.01819 5.32296 10 10 10 20 5.92176 10 5.16261 10 10 10 10 4.84192 20 8.45492 10 5.62724 5.13156 10 10 20 7.90583 20 8.23979 10 10 10 10 5.69843 3.95384 7.75055 5.53076 10 5.65185 6.18034 10 10 6.24245 10 20 10 20 9.42377 10 10 8.75 4.36455 10 10 5.04938 7.3913 7.30267 3.84843 6.55636 1.34842 7.5 3.9139 7.5 1.65273 6.22099 7.82113 10 6.65335 1.86147 10 8.12899 10 10.9903 4.92322 4.67661 1.91989 10
10 10 9.02532 10 6.32376 10 10 8.08537 10 10 5.48784 10 7.04435 10 7.92163 5.30377 6.93516 5.83226 2.4285 0 4.32669 10 6.73919 6.6906 10 5.69843 10 8.26151 19.375 7.02699 4.93133 10 10 7.72359 10 9.71067 10 10 10 10 10 5.5893 6.44938 7.3913 10 10 6.89797 5.32296 6.38954 10 6.62413 5.26171 10 6.41606 10 10 8.51978 10 10 6.15521 4.11976 3.57142 10 4.3089 10 8.01183 10 5.64818 10 7.30267 4.94975 4.84192 4.609 3.5831 5.02372 5.61939 10 10 8.04245 3.98357 7.75055 6.50373 5 6.00673 1.66145 5.14988 7.5957 10 5.8012 20 10 6.06291 10 6.35255 10 11.9923 10 10 10 4.63046 10 10 5.27864 8.34072 7.17661 7.41686 8.23979 6.3023 6.71363 6.06291 10 10 9.08665 5.34442 9.48771 6.33336 20 5.26171 4.63135 10 7.36958 6.71363 7.2853 10 10 10 6.49284 6.82782 10 9.6875 20 10 8.49077 6.24558 7.04435 8.79912 10.3162 5.69843 8.70363 20 3.12908 1.69073 6.8014 10 10 10 9.56082 10 10 10 10 5.94515 5.83226 7.36958 5.60073 6.55441 8.2055 10 10 10 5.48784 10 10 10 5.92176 8.72283 4.47378 10 20 7.89763 4.13756 10 4.89357 8.77661 10.5144 1.63748 6.02732 10 8.04768 12.5552 7.82113 20 20 4.77754
10 10 7.67221 8.93844 6.44938 10.9328 10 6.98337 10 10 10 9.75936 6.02732 6.02732 6.27717 10 10 9.80686 10 4.32669 0 5.09457 5.53076 6.49823 5.22839 4.63046 6.12362 6.51883 7.89763 10 5.07537 6.57274 20 10 6.20406 7.75055 10 7.11126 6.24245 10 9.57131 4.56748 10 9.375 10 16.411 7.44269 4.95935 9.5404 4.55368 5.37407 20 10 6.96008 10 20 10 10 20 8.34072 5.49743 7.63932 4.77754 7.34035 8.4113 6.65335 6.06291 5.75462 6.1027 10 7.93985 6.93792 7.72359 6.25712 6.47224 9.08665 20 7.86475 14.878 8.75 10 10 7.53655 7.24325 5.69843 6.89107 10 10 10 20 10 8.34072 10 6.63669 10 10 10 5.85371 10 8.496 10 7.63932 5.27864 6.1027 10 7.86475 10 5.97934 5.58014 2.66464 5.21146 8.79912 6.93792 7.67221 7.62266 9.99512 10 10 10 10 9.375 7.17661 10 10 7.21543 10 8.23979 7.92163 8.08537 8.61429 10 5.27864 7.34035 6.06291 5.01553 10 10 10 6.00673 6.44938 8.2055 7.30267 6.66225 10.2349 5.88617 10 10 5.92176 6.00133 6.55441 6.84745 7.30267 5.06211 10 10 10 10 7.3913 10 6.82782 10.5499 9.72049 7.38354 6.06291 20 7.85391 5.83226 6.52336 16.4796 9.27051 10 9.18103 8.34072 7.75055 10 9.12828 5.51663 4.94816 7.57467 10 13.0289 13.51 14.054 6.73919
6.3023 7.21543 2.60664 4.13731 3.32191 5.46638 6.3023 6.94795 10 6.32376 4.86844 8.15595 5.17814 3.94102 4.37101 5.88617 7.2853 6.7828 10 10 5.09457 0 4.39107 3.55241 5 3.14571 4.47378 6.35255 10 5.88617 10 5.04938 10 7.7092 20 7.55322 5.35208 4.5671 6.06291 7.8001 4.64005 6.02732 7.93985 5.83226 4.3089 6.66225 4.86844 6.89797 10 5.53076 10 10 10 20 6.53915 20 10 10.3678 6.7828 4.74282 6.66225 10 6.60606 7.96595 10 6.51883 10 10 5.81824 10 3.80197 10 10 6.65335 7.86475 3.92372 7.24325 6.12362 10 10 10 6.60606 8.93237 10 8.97542 6.27717 7.15855 10 7.34035 10 10 5.88617 5.46638 5.13156 5.32296 5.413 6.8014 6.51883 4.61999 5.68517 5.69843 5.68517 4.74282 5.27864 5.55362 4.37101 3.75988 3.75584 10 6.84745 4.68937 10 4.6934 5.85371 5.56181 6.93792 10 10 10 6.62413 7.86475 5.92176 8.67886 6.24245 10 10 6.71363 6.07251 10 6.98337 5.8012 4.55368 5.58014 6.62726 5.86558 4.64005 6.06291 7.86475 10 10 7.34035 5.13156 7.46824 5.62899 7.24325 9.57131 5.34355 7.6955 5.55362 5.32296 5.69843 6.18994 10 10 10 10 6.66225 7.96595 5.92176 6.02732 6.91729 10 7.6955 7.04435 7.96595 10 10 20 20 8.08537 10 5.88617 9.57131 3.93183 6.82782 12.5552 4.98081 10 4.70253 14.3482 20 10 6.25712 6.13516
10 10 4.43086 6.50373 4.3998 4.68071 3.98357 7.15855 4.799 10 1.81956 7.04435 8.15595 6.27717 4.23579 2.4124 7.15855 3.52772 6.89797 6.73919 5.53076 4.39107 0 2.01392 3.74499 2.02736 4.50483 10 10 10 3.39394 12.0072 20 10 9.07178 5.35208 20 3.33899 6.1027 5.32296 4.14828 3.15048 6.71363 10 9.95172 10 6.56698 4.91503 5.64818 7.55322 10 8.85516 5.62899 10 7.52033 20 10 8.15595 10 8.97542 3.90613 4.36001 4.37101 5.07537 5.48784 5.83226 5.92176 4.09943 10 5.8108 5.58014 4.09943 6.18994 4.63272 3.7895 6.08124 8.56375 2.68456 6.56698 4.56748 6.63669 4.598 5.97934 10 5.42572 4.31116 9.03662 4.64005 4.52263 3.96378 4.45512 6.27717 4.93196 3.99677 6.38954 7.90583 6.41606 5.60073 8.5118 4.74282 10 8.93237 10 10 10 10 4.15108 10 20 6.51883 9.34588 2.92728 7.08204 8.23979 6.66225 4.51669 3.70093 2.7042 5.0895 20 5.00818 7.30267 6.15521 5.46638 10 10 6.56698 10 10 8.56474 10 4.01081 6.93792 6.13516 7.43902 10 7.11126 7.96595 9.37031 4.98447 4.18057 10 6.35255 10 3.58983 4.74282 5.77381 6.60606 10 6.51883 8.62966 8.79912 4.41899 6.49823 6.98337 5.94515 10 6.93792 4.64005 9.95172 4.74282 9.05342 8.56375 3.48713 6.32376 4.6462 2.22221 7.55322 4.3089 6.12362 10 7.8001 10 8.28707 10 10 8.35457 8.79912 9.375 7.41073 7.08204 4.61633 3.9602 10
10 10 6.3023 5.13156 10 5.42572 5.51663 7.5 8.72283 10 4.21303 4.29197 5.69843 7.04435 10 3.54699 8.60073 3.74499 7.08204 6.6906 6.49823 3.55241 2.01392 0 4.75975 1.95528 4.7908 9.6875 10 6.51883 4.50483 6.51883 20 20 10.3563 7.57467 8.23952 4.43086 3.77091 6.55441 8.66058 3.58659 5.16261 8.67886 5.22159 9.75936 6.08124 6.06291 10 10 10 7.15855 10 10 10 20 10 10 10 10 7.55322 7.62266 6.78594 7.86475 4.05968 10 8.4878 5.48784 6.49284 6.7828 5.62899 4.94975 5.94515 5.3924 4.86844 10 5.0895 4.65558 10 5.3924 6.38954 4.09967 6.44938 10 10 7.43902 5.77381 5.55362 4.11167 3.708 10 5.69843 10 7.04435 6.49889 10 9.17368 10 10 4.34815 6.65335 10 10 9.15025 6.35255 10.1504 10 10 10 7.25678 7.6955 2.2863 7.34035 8.93237 10 8.01183 9.73309 5.59373 6.82782 20 5.37407 6.38954 8.14355 7.43902 10 6.49823 5.04938 5.32296 7.53655 7.96001 10 8.67886 9.73309 7.82113 5.44125 10 4.66744 10 10 5.61346 10 10 5.02879 10 5.88617 8.49077 10 6.98337 5.32296 6.65335 7.02699 6.41606 10 6.38954 10 10 10 6.22239 6.73029 6.93792 4.39107 9.83504 5.07537 5.94515 5.36102 11.3037 6.12362 10 6.01773 10 5.42572 10 8.4878 10 6.71363 6.98337 6.35255 7.30267 10 6.35762 5.27864 14.054 6.01773 20
6.39773 6.8014 10 7.34035 9.84375 6.32376 12.5552 6.32376 6.73919 7.04435 5.85371 4.09943 4.58614 2.11088 6.73919 5.07537 9.46619 6.38954 8.60073 10 5.22839 5 3.74499 4.75975 0 3.80406 5.17814 5.72949 4.716 7.72359 6.24245 5.69267 7.82113 10 20 7.02699 10 5.97934 5.75462 8.60073 7.6955 10 10 5.53076 10 10 4.11959 5.37407 10 10 10 10 7.75055 10 6.49823 20 10 10 10 10 6.02732 5.49743 6.25712 5.86558 10.3563 9.02532 9.92188 6.25712 10 8.4113 7.92163 5.54089 1.8284 3.11746 3.80564 9.84375 6.44938 10 3.48215 10 10 6.35255 8.87859 5.42572 4.33995 7.92163 7.55322 10 6.44938 7.72359 6.18994 8.9912 6.86325 9.30318 10 5.94515 6.06291 6.7828 6.86325 7.67798 5.92176 7.75055 10 7.53655 6.84745 7.17661 10 10 10 6.15521 7.25678 5.37407 4.91503 5.76281 6.13516 8.85516 8.4113 5.62899 10 6.52093 6.41606 5.61346 3.59453 6.93792 10 10 6.71363 10.1504 10 9.73309 6.73029 4.0833 5.72949 4.26658 3.89843 10 6.15521 6.86325 10 6.71363 10 10 4.37101 10 7.67221 10 10 5.79527 7.41686 6.44938 10 11.1889 4.93002 6.06291 6.18994 5.83226 9.30318 13.3418 10 7.24325 10 9.5404 6.47084 5.04938 5.97934 6.46544 3.69013 20 10 6.18994 5.88617 4.39107 8.79017 3.74499 10 10 4.21303 8.2055 6.47084 20 7.08204 10.8926 10 5.61346
5.69843 8.2055 6.60606 5.62899 10 5.69843 10 3.94615 10 10 3.80365 6.89797 6.51883 5.04065 5.79527 2.08204 6.15521 3.23855 4.95935 5.69843 4.63046 3.14571 2.02736 1.95528 3.80406 0 5.27864 7.3913 10 7.75055 3.49967 6.57274 7.61035 11.9923 12.8115 6.55441 7.89763 4.84192 5.92176 5.94515 7.72359 2.89558 10 10 10 10 6.1027 5.79527 6.98337 7.41686 7.90583 10 7.43902 10 7.46824 20 5.88617 10 10 6.71363 5.32296 4.98447 7.25678 10 6.18994 8.60073 10 10 10 9.46619 3.65983 6.75498 5.42572 4.06957 4.43086 5.07537 9.50267 4.64005 9.90343 5.3924 8.23979 3.56575 8.26238 10 6.66225 4.86844 5.35208 4.82186 7.08204 3.24029 4.56748 4.08061 10 4.64005 6.81333 7.52033 6.93792 9.48771 5.55362 3.61499 10 7.72359 6.3023 8.67886 7.13299 6.79099 6.62726 4.86844 10 6.98337 7.25678 2.36704 6.08124 5 5.86558 6.49823 10 3.62912 7.57467 20 6.75498 7.82113 5.3924 8.45492 20 10 6.02732 9.375 8.08537 10.9328 10 3.31754 6.65335 5.02879 6.06291 8.45492 4.95935 5.55362 10 5.44125 8.2055 8.67886 6.35255 6.22099 5 8.67886 5.3924 4.84192 5.92176 7.92163 10 10 8.91183 7.86475 6.24245 5.72949 10 7.90357 6.67944 5.27864 4.01186 7.36958 4.26658 7.6955 4.34815 5.19085 3.91067 10 20 9.63525 6.12362 10 5.64818 7.72359 9.22746 6.86325 6.22099 8.41976 4.53362 20 6.26898 20 6.18034 10
6.56698 20 6.60606 10 7.86475 20 3.77253 4.63046 5.04938 7.5 4.58614 8.72283 9.37031 5.10643 6.35255 6.35255 12.3127 10 10 10 6.12362 4.47378 4.50483 4.7908 5.17814 5.27864 0 3.38079 3.53956 2.62024 6.49823 6.93792 20 10 10 5.72949 10 7.25678 6.7828 4.21886 7.5957 10 10 6.8014 4.84192 3.66625 8.45492 5.31196 7.93985 6.55441 6.02732 5.36061 6.71363 20 4.799 10 4.98081 4.43124 5.13156 5.77381 7.25678 6.3023 7.82113 4.11959 5.406 7.86475 8.12899 5.85371 7.33502 5.97934 6.7828 6.86325 4.48617 10 10 8.23979 6.66225 10 6.06291 5.32296 6.35255 6.89107 6.55441 6.89107 10 5.85371 4.65558 5.58014 6.24245 6.75498 7.67221 6.89107 5.07537 4.16258 10 3.4967 6.47084 3.75988 4.92322 10 7.08204 5.44858 10 7.67221 5.86558 10 6.00673 6.02732 7.36958 5.88617 5.34442 5.35208 4.609 4.44045 4.58614 7.15855 8.28567 10 9.99023 20 4.72136 6.60606 10 10 10 7.11126 4.72136 5.64818 10 6.38954 5.14288 10 7.57467 5.83226 5.61346 10 7.21543 6.18994 6.8014 5.92176 4.61439 4.89357 5.55362 10 7.55322 14.1641 10 7.08204 10 3.55191 7.93985 6.1027 2.56808 9.61373 5.68517 5.86558 5.46638 5.3924 10 6.60606 8.28567 5.31196 5.69843 10 6.44938 10 10 20 7.43902 7.11126 3.70316 4.33995 8.01183 10 7.55322 9.15025 7.52033 3.25054 4.37101 5.92176 4.93196 20 10 6.71363
8.68492 3.25142 10.2129 6.57274 10 10 5.06211 4.01559 5.51663 10 5.83226 10 10 3.0473 10 6.51883 8.45492 10 9.50267 8.26151 6.51883 6.35255 10 9.6875 5.72949 7.3913 3.38079 0 7.04435 7.18001 10 20 10 7.36958 20 10 20 10 10 10 10 4.72136 20 6.63669 10 5.92176 6.71363 10 10 10 7.75168 5.85371 10.1504 9.05342 10 20 8.79912 10 7.02699 10 10 5.97934 20 10 10 11.1889 8.97542 10 10 10 5.3924 10 5.51663 6.73919 7.13299 7.5 7.52852 8.15595 9.375 10 20 10 10 20 7.04435 6.8014 10 6.02732 10 10 10 5.77381 5.92176 6.1027 8.56474 20 10 10 10 4.86844 6.73029 9.57131 10 10 20 10 6.25712 20 10 10 20 2.47664 9.39247 10 10 10 10 10 6.75498 10 8.81966 10 10.9328 4.44045 10 10 6.57274 8.45492 10 10 8.33722 6.3023 10 9.73309 10 9.6875 20 10 10 8.01183 8.60073 10 5.92489 10 10 20 20 7.75055 10 7.8001 6.53974 10 6.7828 20 20 10 9.12828 10 8.15595 8.91183 6.02732 9.42377 10 8.62966 10 10 4.77754 7.8001 10 10 9.11095 5.59373 6.7828 2.55032 7.6955 6.3023 7.72359 5.54089 20 12.5552 10 10 4.61439 10
7.8001 10.7244 20 5.42572 10 10 10 20 20 8.27865 10 8.81012 12.9889 6.22099 10 10 10 10 10 19.375 7.89763 10 10 10 4.716 10 3.53956 7.04435 0 6.8014 8.77661 7.6955 7.04435 10 10 6.98337 7.15855 10 8.79977 10 7.11126 7.28234 20 8.04245 8.08537 5.79527 5.79527 4.5415 10 10 20 10 10 20 10 10 10 12.5552 16.5713 10 10 20 7.67221 10 10.3678 10 10.1939 10.3678 10 5.64818 5.94515 8.76591 3.04953 5.37407 6.44938 6.02732 4.41759 6.81333 1.88175 10 7.5 10 8.87859 10.2129 9.34588 5.64818 8.11459 6.47224 9.26824 4.24605 20 9.02532 10 10 10 10 10 10 10 20 7.5 10 10 11.1889 10 10 8.28567 10 10 6.84745 10 10 6.41133 8.60073 10 20 6.51883 5.72949 4.62681 14.054 10 10 6.51883 5.07996 20 4.29682 20 7.17661 10 9.46619 9.27051 3.60756 10 6.12362 6.00133 10 8.28567 5.23943 9.73689 8.70363 8.79017 10 6.62159 10 4.41759 20 8.40946 6.13516 8.04768 8.04768 10 8.15595 10 8.31376 10 10 10 9.92188 6.62159 13.7959 10 20 5.94515 7.11126 20 10 10 10 20 10 10 20 7.55322 7.2949 5.69843 20 6.73029 7.34035 10 20 10 20 10.2129 8.84433
6.24245 8.81966 5.23432 10 5.23432 6.38954 2.03578 4.53362 4.75975 4.56748 7.46824 7.11126 8.15595 5.26678 4.45232 3.32071 3.96378 3.55308 6.93792 7.02699 10 5.88617 10 6.51883 7.72359 7.75055 2.62024 7.18001 6.8014 0 4.26658 2.71333 10 6.56698 20 10 7.43902 7.02699 6.44938 4.03852 5.59373 7.5957 11.1648 4.94975 4.28264 6.73919 6.1027 4.89357 7.62266 5.07537 5.17814 5.75462 4.95935 10 5.22159 10 6.82782 4.51316 10 3.65482 8.34072 6.12362 5.88617 5.42572 5.60073 6.00133 7.25678 10 10 10 20 6.93792 10 10 10 4.43086 4.72136 7.36958 6.00673 8.91183 4.36001 5.58014 5.35208 4.98447 10 5.97934 2.10821 10 10 6.9046 6.25712 11.1889 6.15521 3.49195 10 7.61463 4.598 5.61346 5.07537 6.47224 10 5.79527 10 10 5.406 7.89763 4.30017 3.88657 10 10 4.80493 4.58614 6.66225 6.49284 7.5957 7.82113 10 10 10 5.51663 6.32376 5.94515 6.00133 9.11095 20 5.06211 4.29197 6.55441 5.69843 5.75462 4.98081 7.17661 4.93196 5.10643 5.97934 7.43902 6.49284 10 5.36102 9.375 5.8012 4.08061 5.48784 6.06291 6.55441 8.93237 20 8.85516 7.41686 4.39107 7.36958 5.24758 6.38954 10 6.51883 4.65558 5.04065 4.53362 9.34588 5.75462 9.5404 5.13156 4.55368 10 4.799 10 9.79027 11.0954 7.86242 5.75462 3.65617 5.09457 10 10 10 10 3.95694 10 10 6.57274 4.15108 10.1504 6.00673 4.86844
10 8.62966 6.52023 10 6.41606 10 10 8.23979 7.24325 20 4.24043 7.3913 6.86325 7.25678 7.04435 1.93736 4.86844 2.54487 5.52429 4.93133 5.07537 10 3.39394 4.50483 6.24245 3.49967 6.49823 10 8.77661 4.26658 0 6.38954 20 8.28567 7.6955 4.48617 10 5.0895 4.20856 2.08281 4.91503 4.37101 20 7.82113 6.89107 6.41606 9.40983 5.69843 4.43086 4.81086 3.77091 20 6.02732 12.4434 6.38954 10 10 3.45551 10 6.63669 4.66744 4.81086 3.93429 6.41606 6.41606 6.89797 4.85065 4.75102 13.0783 7.02106 5.72949 6.41606 5.94515 6.51883 5.32296 5.94515 5 3.28637 6.71363 2.65046 8.34072 8.45492 10 11.5284 6.60606 5.60073 6.06291 7.89763 6.15521 4.86844 4.57911 5.43547 4.91503 4.89357 12.1757 10 11.3466 9.90343 10 5.30377 10 10 9.92188 6.18994 10 10 4.63471 10 13.7959 6.33336 10 10 6.9046 6.00587 5.34442 3.87998 10 10 6.35255 6.18994 5.88617 5.07705 5.86558 10 10 10 6.6906 7.34035 6.6906 6.71363 10 4.03326 7.8001 5.3924 6.00673 10 8.01183 4.09946 4.23649 6.35255 7.96595 3.92826 5.75462 20 6.7828 10 20 8.34072 5.92176 4.56748 5.55362 10 5.69843 5.04065 6.73919 7.02699 8.08537 10 9.83504 4.72136 10 7.08204 10 5.23432 8.51978 6.22099 4.34815 10.1536 3.8593 19.6875 5.17563 6.47224 8.2055 10 10 6.51883 10 7.04925 9.14855 5.19733 5.91789 9.44272 9.28011 13.3589
5.04938 5.56181 4.75975 9.80686 6.67944 9.40983 6.02732 6.06291 5.69843 6.15521 10 4.73692 5.34442 4.61989 5.24758 7.25678 9.90343 9.67008 8.67886 10 6.57274 5.04938 12.0072 6.51883 5.69267 6.57274 6.93792 20 7.6955 2.71333 6.38954 0 10 18.8197 20 10 4.45232 7.82113 10 7.82113 5.35208 10 10 10 5.51663 10 9.61373 5.406 10 10 20 10 6.44938 10 10 11.1889 7.47671 9.18771 6.57274 8.75 7.02699 5.48784 8.4113 7.47671 7.08204 9.84375 10 10 10 10.2349 10 5.79527 10 9.34588 7.67798 5.34442 7.36958 7.28234 7.5957 10 10 7.44435 6.11626 5.17814 10 5.62899 5.92176 8.68492 10 8.5118 4.31287 10.2349 9.19797 8.45492 5.92176 5.3924 6.38954 10 7.38354 9.34588 7.75055 20 10.3678 7.28234 8.08537 7.72359 7.6955 8.45492 10 10 10 4.70563 5.64818 9.80686 20 20 10 8.4113 8.67886 1.81184 6.56698 6.41606 6.82782 7.02699 20 9.73309 9.07178 8.15595 10 11.3466 7.04435 6.35762 10 8.66058 7.25678 10 5.58014 5.61346 7.82113 10 10 10 8.85516 7.02699 5.75462 8.45492 10 6.78594 8.39027 6.32376 10 10 10 10 10 7.82113 8.08537 6.60606 10 10 6.87437 10 5.24758 10 5.0895 13.3418 4.94262 7.08204 9.35408 6.93792 5.64818 7.47671 10 5.79527 13.8964 10 2.56586 10 14.7392 10 6.67944 8.26151 10 4.56748
10 20 10 10 10 20 10 10 12.5552 6.25712 10 20 20 10.7397 13.51 20 20 20 7.61463 10 20 10 20 20 7.82113 7.61035 20 10 7.04435 10 20 10 0 20 4.56748 13.1333 4.32669 10 10 20 10 6.27717 9.73309 10 5.3924 5.30377 20 8.15595 20 15.356 20 6.38954 10 4.44045 10 2.40191 20 11.5787 20 20 10 10 10.6087 9.64566 10 10 20 8.12899 6.49823 7.21543 10 6.27717 10 20 20 10 20 5.07537 7.14069 9.95172 7.41686 20 10 18.9324 7.08204 8.23979 10 10 7.97468 20 6.35255 10 20 20 10 10 10 9.22746 5.93214 20 10 10 7.72359 7.8001 7.02699 7.26665 20 10 7.6955 6.00133 10 9.43539 9.17368 13.8959 10 10 10 13.3245 7.5 20 20 20 10 10 10 4.77932 20 10 10 10.7244 5.88617 7.72359 20 11.8034 20 16.4796 20 10 8.04245 14.5647 10 10 10 4.08061 10 10 5.97934 3.59617 10 7.86475 20 10 10 6.18994 10.0491 8.62966 20 9.44272 6.89107 5.92176 20 4.37101 2.19138 20 7.96595 5.48784 4.81297 5.30377 4.52263 5.61939 10 20 7.11126 10 6.98337 10 10 20 10 10 9.47658 11.1889 4.63046 8.45492
